afd_((0+1)(0+1)(0+1)(0+1))x_4_iteraciones={
	num_simbolos = 2

	A={ 0 1 }

	num_estados = 12

	Q={->q0*  q1  q2  q3  q4*  q5  q6  q7  q8*  q9  q10  q11  }

	RL={
		[0]	[1]	[2]	[3]	[4]	[5]	[6]	[7]	[8]	[9]	[10]	[11]
		CIERRE
	[0]	0	0	0	0	0	0	0	0	0	0	0	0
	[1]	0	0	0	0	0	0	0	0	0	0	0	0
	[2]	0	0	0	0	0	0	0	0	0	0	0	0
	[3]	0	0	0	0	0	0	0	0	0	0	0	0
	[4]	0	0	0	0	0	0	0	0	0	0	0	0
	[5]	0	0	0	0	0	0	0	0	0	0	0	0
	[6]	0	0	0	0	0	0	0	0	0	0	0	0
	[7]	0	0	0	0	0	0	0	0	0	0	0	0
	[8]	0	0	0	0	0	0	0	0	0	0	0	0
	[9]	0	0	0	0	0	0	0	0	0	0	0	0
	[10]	0	0	0	0	0	0	0	0	0	0	0	0
	[11]	0	0	0	0	0	0	0	0	0	0	0	0

		POTENCIA i
	[0]	0	0	0	0	0	0	0	0	0	0	0	0
	[1]	0	0	0	0	0	0	0	0	0	0	0	0
	[2]	0	0	0	0	0	0	0	0	0	0	0	0
	[3]	0	0	0	0	0	0	0	0	0	0	0	0
	[4]	0	0	0	0	0	0	0	0	0	0	0	0
	[5]	0	0	0	0	0	0	0	0	0	0	0	0
	[6]	0	0	0	0	0	0	0	0	0	0	0	0
	[7]	0	0	0	0	0	0	0	0	0	0	0	0
	[8]	0	0	0	0	0	0	0	0	0	0	0	0
	[9]	0	0	0	0	0	0	0	0	0	0	0	0
	[10]	0	0	0	0	0	0	0	0	0	0	0	0
	[11]	0	0	0	0	0	0	0	0	0	0	0	0

		RELACION INICIAL i
	[0]	0	0	0	0	0	0	0	0	0	0	0	0
	[1]	0	0	0	0	0	0	0	0	0	0	0	0
	[2]	0	0	0	0	0	0	0	0	0	0	0	0
	[3]	0	0	0	0	0	0	0	0	0	0	0	0
	[4]	0	0	0	0	0	0	0	0	0	0	0	0
	[5]	0	0	0	0	0	0	0	0	0	0	0	0
	[6]	0	0	0	0	0	0	0	0	0	0	0	0
	[7]	0	0	0	0	0	0	0	0	0	0	0	0
	[8]	0	0	0	0	0	0	0	0	0	0	0	0
	[9]	0	0	0	0	0	0	0	0	0	0	0	0
	[10]	0	0	0	0	0	0	0	0	0	0	0	0
	[11]	0	0	0	0	0	0	0	0	0	0	0	0
}

	Funcion de Transición = {
		f(q0,0)={ q1 }
		f(q0,1)={ q1 }
		f(q1,0)={ q2 }
		f(q1,1)={ q2 }
		f(q2,0)={ q3 }
		f(q2,1)={ q3 }
		f(q3,0)={ q4 }
		f(q3,1)={ q4 }
		f(q4,0)={ q5 }
		f(q4,1)={ q5 }
		f(q5,0)={ q6 }
		f(q5,1)={ q6 }
		f(q6,0)={ q7 }
		f(q6,1)={ q7 }
		f(q7,0)={ q8 }
		f(q7,1)={ q8 }
		f(q8,0)={ q9 }
		f(q8,1)={ q9 }
		f(q9,0)={ q10 }
		f(q9,1)={ q10 }
		f(q10,0)={ q11 }
		f(q10,1)={ q11 }
		f(q11,0)={ q0 }
		f(q11,1)={ q0 }
	}
}
